-0.19733214937917562
-0.49753869847294624
0.4237730279923177
-0.10582878773685206
-0.03144631835349748
0.10075282740038302
0.14369635845778245
0.32343191918114855
-0.20308216032833515
-0.02879494087160659
-0.003179949679334363
-0.3149161613181659
0.27207758695722967
0.22699446766123582
0.3200785744461609
0.14681096540481686
-0.2893419656329468
0.1310478277769736
0.08824629848910168
-0.55990756895414
-0.01802254364339008
-0.7049767943798471
0.18477854933974672
-0.07437050759696795
-0.05205266030725251
0.5681167059202331
0.05464526440447123
-0.24671010044912017
-0.4313760462943974
0.025682556317208123
-0.3130091511056355
0.21238764640754754
-0.6131647104699742
-0.019166669119351006
0.2430848723090135
0.5728659398400219
0.16894592245741663
-0.6801752122096186
0.5074358598785199
-0.7974286608724246
-0.2028980524812498
0.6024388293996199
-0.19840087953387694
-0.5281656040497229
-0.6049962543175114
0.12601809830326294
0.1899648716013908
0.17836641952991564
-0.3024332850396563
-0.4749703463442376
0.20093598573860807
-0.19067218889942372
0.5872826433131509
-0.5777732373046637
0.3583790331714869
-0.4648625646801361
-0.07588326156126549
0.37955529863706394
-0.0654124027159075
-0.7003373198679917
-0.38517463965300036
-0.014403033498433531
-0.22875393996204432
-0.15343829440643222
0.12405183521072714
0.47262985648247885
0.13647100906819398
0.064640329437682
-0.30020978785779323
-0.24477942005786615
-0.35473486941120796
0.1337283042852015
0.027333268811618877
-0.5207450091654433
-0.3522980317255826
-0.4050127118337357
-0.35651490257815227
-0.13111922530983314
0.022866248139336492
-0.7019303360074115
-0.2869298413311116
0.20715917861209512
-0.2967696307038294
-0.004773718320970365
0.22053109871793813
-0.18834470795793326
0.20976512115631865
0.00016984843719304848
0.1301545506276172
-0.5402804853758428
0.5113424937490105
-0.09680951046705422
-0.7045384607145035
0.000437939888287487
-0.5324762700001939
-0.7676203434568699
0.0027079107850505185
0.5487544267910343
-0.4841827123778328
-0.07357162930699451
0.2845659503068153
0.2610858330436675
0.5969367535558393
-0.16394640569383165
-0.5458994455289488
-0.3136555707161989
-0.44013656056562905
0.26778331803592
-0.036989479847971844
-0.37821910008843584
0.015563485843702183
0.15594460151237824
-0.08763788151233123
0.4091610609931051
-0.3805125472171859
0.4915304761189434
-0.3362134723982402
0.40919851759591264
-0.5379862612695362
0.5168978064311494
0.28475139436942437
0.05075486123761201
-0.15752394327622374
-0.5112863727464555
0.43804943571312865
0.06536882340941755
-0.6857936679105928
0.44304486286857764
-0.3588153816626662
-0.5510061747329341
-0.5358528311584745
-0.3834265147862737
0.5124637305381851
-0.33004810937833534
-0.1671549839749874
-0.30872969103117526
-0.3029743492821655
0.2055686009748923
-0.5990420870936982
-0.6210480965399015
-0.4388145748569915
0.07155122820371536
-0.2656021080148787
-0.17120761430903333
0.06936585099500456
-0.07570009168399951
0.512840944026454
-0.13118662949936669
0.37713093316435553
-0.5354614169868089
0.21418691207259388
0.22301215607508668
0.1672179820696423
-0.07614088939983427
-0.21829002308608186
-0.4858958105201356
-0.25182971961487
0.5739679926814049
0.2540081475266496
-0.45688863445472544
0.6128046910537014
-0.3526374089838437
-0.0780900081838435
-0.007444524628201637
-0.4190242627785584
-0.5258617690183752
-0.5824835256995816
-0.12507089977815952
-0.13711510907311633
-0.2071459599892359
0.14943177161144192
-0.47904469519158416
0.45660588242927824
-0.2475911202353014
-0.2306705634473761
-0.44235986302410696
-0.027039089740938244
0.26384058883179895
0.14457208010548814
0.3044902325346786
-0.5273226655060309
-0.3033120074543881
0.5648337411679395
-0.45616156723436024
-0.17529926406525134
0.012732658925146759
0.19122647763119488
0.5203363959994229
-0.41945530036538686
-0.028204168033646768
0.6735461256703821
0.398846081854148
0.4191196137531486
-0.18597580974086916
0.14739966606450414
-0.37326523770831377
-0.3220116815354696
-0.6397140535450881
0.3229009800581364
0.046551634601469334
0.2709703432624161
0.38130555884928075
0.2465934854269027
0.19167257327839476
0.27983562807062234
0.14350076789660376
0.20246986817462734
0.5729949359105204
-0.5840350331088966
-0.6335353672001189
0.3505615484112787
0.10017360674460682
0.20757943712285065
0.28844935853099235
-0.46055623291634845
-0.017783637505093975
0.26654569350201635
0.16257239977671817
-0.21129621521674438
-0.1936487186415507
-1.0171335223203304
-0.8272961779390074
0.30184573854947716
0.04594325437558915
-1.024301791972491
0.21275518757518422
-0.4085167356505813
0.3025251949089393
-0.496999812278482
0.2306329667131342
0.13676114807157363
-0.09841529857504228
-0.024904330066740754
-0.27731809322448786
0.37377653809824557
-0.7007349304314817
-0.940106500712768
0.6983441123083086
-1.0208358333653968
-0.9929542242922044
-0.5958243169706928
-0.9517801658762436
0.5564539696774211
-0.3697959519526119
-0.773056709329325
0.4824900965232931
0.30648403328378654
0.06712263490090699
-0.9716501632900455
-0.3130500422865683
-0.6555684453524202
-0.10146398066268915
-1.010466941069487
0.2584400827877656
-0.21888452987321214
0.837824791194803
0.5613501472817091
-0.9940277261870581
0.321762779439019
-1.3266111755616994
-0.6656095841984967
0.5445152318002444
0.6395305372044704
-1.183042983591687
-1.1952957941306301
0.023226852239484348
0.30551422344058177
0.9956173356627981
0.06120363540539616
-1.4343953692570597
0.34476210866802914
-0.6054115782882181
0.6606472072461503
-0.4412096868586823
-0.35526496811798086
0.09821880406234072
0.0519092251876689
-0.015788277663672662
-0.008762009830456812
0.12406661696009634
-0.010829971033980168
0.01335829361209321
-0.012602718233443397
0.03351059454653531
-0.013290064252450834
-0.005509448667416706
-0.0034106334714249583
0.02481577440407502
0.0022158561479599017
-0.025687400346727986
0.03258924343421659
0.07311225918804655
-0.08289714518881973
0.10825077876197213
0.18984727293016923
0.03852501895985059
0.09710701771601722
-0.05592044730966414
0.011893448819855889
0.04713272519166415
-0.0064272150526925075
-0.01620753058356399
-0.008503998294277736
0.096475522252883
0.01119820610521307
0.07347531214926693
0.012164144240055167
0.16338100813458492
-0.018832716578365674
0.0006191456639415742
-0.11962083165636589
-0.050796784943107555
0.09640059044439996
-0.013071811377692536
0.21746386036881854
0.013465146223261656
-0.05455306882031806
-0.06262711499464696
0.24784013180362902
0.19707858547959123
0.0053668318881695265
-0.020538580901567436
-0.19960673707533544
-0.009360007475247782
0.40300891431841046
-0.014603030969158834
0.025488102473003024
-0.057985003053785095
0.017428257314765477
0.0065068955949800205
-0.33063221715444246
