0.12154547129305249
0.4163733995039602
-0.2959552686465453
0.4305365743065601
0.2610409148933146
-0.7241600783173887
-0.4189239591846393
0.14015669282739052
0.15882772141667562
0.393920431449694
0.24380597182306682
0.4492757295177431
-0.7216840897897597
-0.328073878872831
0.18848604653316597
-0.2549712867919777
-0.2906457601861232
-0.07697372828026099
0.5542788980718184
-0.4122582727255485
-0.12565300308506644
0.34950694737068877
0.5915041956209086
-0.4898573434256553
0.01816018815842768
-0.15416259391358725
-0.2803845146623854
-0.0016230325969388251
-0.39026680757029064
-0.46390732363404463
-0.3923261588997663
0.11034321875006368
0.009795300552583822
-0.7555313178556436
0.24282872467604208
-0.014605964837089445
-0.14404934148622073
0.6860504977939194
0.47880542797939935
-0.6370593007647775
-0.5996779627329315
0.051397255143951014
-0.6848892313562299
0.012608625684176412
-0.34713767796933803
0.07872812474122935
-0.35606324163547776
0.35267331492826415
0.3448569612188543
0.07110811981052263
0.5339761441009688
-0.28957357683895607
-0.19814787390703886
-0.3508993737327739
0.15339288967618023
-0.28922136932771403
-0.6347325268051122
0.3467386350800998
0.3169308093522158
-0.13485908950709055
0.45336616308608363
0.5382137590277821
0.07959060256357271
-0.26982678999047793
0.0008672070573461587
-0.7940410836540638
0.3285394118955572
-0.34760331964684754
0.33863061972198927
-0.5993351789249468
-0.22821512185237094
0.38540788008383714
-0.3487953210677351
0.0644085860523175
-0.4960700286166908
0.162496109959291
0.31085944663221116
-0.499032882270271
-0.8988612139092064
-0.46953751072156413
0.1563986712101329
-0.4610500836920069
0.06472255690206974
-0.7014514131409435
-0.11280161879287438
-0.4995801422604427
0.4937151553562097
-0.200128856934741
-0.21461830181903277
-0.1523713969482648
-0.4783021673961556
0.05732111440964606
-0.018680865065949365
0.23872628861981027
-0.2660796181154809
-0.029830138436324483
0.018608834463668587
0.21783984836998957
-0.25990963120150345
0.6608233651070704
0.4942639373962464
-0.23307441451177657
0.06924243794449882
-0.07215013456038642
0.531270343946805
-0.10795775879957593
-0.45151557593052566
0.2653291111932053
0.6096526398888928
0.24518020848486102
-0.41188607232142427
0.1645553442749238
-0.07650795702595592
-0.39002780403586723
0.6473831089872093
0.015299423198621357
-0.2975591941111465
-0.2847674496339527
-0.18341114368621783
-0.09831195838183533
-0.12176673682849044
0.14757666177762374
-0.3529969145884622
-0.3947748249216409
-0.6513733804392694
-0.1027233950023105
0.3467061591105474
-0.21210843556163472
-0.10212003832391323
-0.11776681131753658
-0.2616906132626619
-0.3612960316090006
-0.15861967231124974
0.0161490638449185
0.24379194609253538
-0.2597100772711122
0.6275633538989511
0.35526970085920684
0.3824590954174685
0.1515276848558726
-0.5551726954521005
-0.189557092236337
-0.8442964193306254
0.480465497834039
-0.20591093340453423
-0.49810655674902954
0.22599108527512007
-0.46767891396401795
0.174494569101629
0.4914378769719012
0.23892763800942163
-0.11393927975321233
-0.31117153478389703
0.10945848295482209
0.4401568878870407
-0.42116218180180104
-0.148655496359734
0.520556973423519
0.26378105447534017
0.33498317709652603
0.3727115897592075
0.08061595641662528
-0.5479230597475263
-0.1492947802326812
0.19480077843563354
0.04261724822490741
0.43219271622312566
-0.14353556526148456
-0.4012252262370831
-0.6484770410663597
-0.6841576734449029
0.14487288644239046
-0.0049383246648204765
-0.07846081156415773
-0.4429122401325249
-0.46473735887582884
0.38268296191629503
-0.3847943539558388
0.03718349352675524
-0.5294149392807171
-0.7294036467745048
-0.5014601961116992
0.28248321469634424
-0.2021835599869831
-0.014388840461473384
-0.3355715901134327
-0.04208193635772531
0.5026047335445513
0.35005218732197757
-0.7403812113190261
0.2219813521820549
-0.535913684918972
-0.012344339611237508
0.16936879385374035
-0.04819004872713808
-0.4801930771328204
-0.03913509680445515
0.3302967637011795
0.2327232924873829
0.2906911770920534
0.9292557820390458
-0.17391097673476127
-0.44485079240156805
0.128833582478421
0.547212203276378
-1.24000480735909
-1.3188392760361949
0.728306863821219
0.8680252360132823
0.44986477081534704
0.19178645983038947
0.540736343303128
-0.8933202753780617
-0.9432376728920052
0.7194077072531233
-0.783716761889499
-0.08469407578102263
-0.45158900595133905
0.1657255250607607
-1.5014716472251461
-0.9103906822955924
0.29750778072216455
0.006241201654326196
-0.6365812669593226
-1.0079530521011144
-0.41902186986961687
0.04183992863078574
-0.6168563459277537
-1.1857497595800994
-1.0580202433427826
-0.9266822206721512
-0.8315729117818291
0.013830541430515824
-1.4298272958363818
0.1796894903476582
-0.8328867383592206
0.5878490715938541
0.9131017049117345
0.3029509615097165
-1.0619952313340102
-1.286181347738835
-0.4959150030373222
-1.3606195927817442
0.3719656675571504
-0.5003824349928476
-0.7116550615004152
-0.14907877603914177
-0.11763835265262851
0.24286980443186632
1.04047267760716
-0.17770982536818025
-0.004360061301025253
0.020515967897483875
-0.018330220811560907
-0.07764878731993585
0.2223788024254466
0.297616152927439
-0.1216391838706043
-0.1597272746474741
-0.04532776996897108
-0.01153060331623321
-0.07253698082677755
0.09518689151984037
0.10387913070895737
-0.08129753594255132
0.04538248203344741
-0.0028924730941563273
0.017282917049997383
-0.008222187596810801
0.35097195762486905
0.08486403678953983
-0.008594901118194085
-0.015720764330447903
0.040746815117808456
0.18343408460442606
0.01508981116756137
0.045754445187240964
0.050625721942294206
0.13414797982348994
0.2041930498845816
0.0901172431620296
0.08960349670687616
-0.008999846081150198
0.27867809489482387
-0.015915352524399056
0.08045704004796647
-0.05113954978158002
-0.1446948445655422
-0.008577221605509338
0.12106831953260777
0.18792207112400688
0.020891305985337366
0.24495611996533037
-0.03152692315812736
0.026081404534820624
0.04476926355389089
-0.0007634048261098622
0.03170186476899357
-0.019510553282183013
-0.2251497860029974
-0.4012813531212804
